,file_name
0,/home/runner/work/open-location-code/open-location-code/docs/images/code_areas.png
1,/home/runner/work/open-location-code/open-location-code/docs/images/olc_11_grid.png
2,/home/runner/work/open-location-code/open-location-code/docs/images/olc_10_character.png
3,/home/runner/work/open-location-code/open-location-code/android_demo/android/src/main/res/drawable-xxhdpi/welcome_image.png
4,/home/runner/work/open-location-code/open-location-code/android_demo/android/src/main/res/drawable-xhdpi/welcome_image.png
5,/home/runner/work/open-location-code/open-location-code/android_demo/gradle/wrapper/gradle-wrapper.jar
6,/home/runner/work/open-location-code/open-location-code/plpgsql/pluscode_functions.sql
7,/home/runner/work/open-location-code/open-location-code/java/src/main/java/com/google/openlocationcode/OpenLocationCode.java
8,/home/runner/work/open-location-code/open-location-code/js/closure/openlocationcode.js
9,/home/runner/work/open-location-code/open-location-code/python/openlocationcode/openlocationcode.py
10,/home/runner/work/open-location-code/open-location-code/tile_server/gridserver/testdata/5_17_19_zoom_2.json
11,/home/runner/work/open-location-code/open-location-code/android_demo/android/src/main/res/drawable-hdpi/welcome_image.png
12,/home/runner/work/open-location-code/open-location-code/garmin/PlusCodeDatafield/resources-fenixchronos/launcher_icon.png
13,/home/runner/work/open-location-code/open-location-code/garmin/PlusCodeDatafield/resources-fenix5x/launcher_icon.png
14,/home/runner/work/open-location-code/open-location-code/garmin/PlusCodeDatafield/resources-fenix5plus/launcher_icon.png
15,/home/runner/work/open-location-code/open-location-code/garmin/PlusCodeDatafield/resources-fenix5s/launcher_icon.png
16,/home/runner/work/open-location-code/open-location-code/garmin/PlusCodeDatafield/resources-fenix5/launcher_icon.png
17,/home/runner/work/open-location-code/open-location-code/garmin/PlusCodeDatafield/resources-fenix3_hr/launcher_icon.png
18,/home/runner/work/open-location-code/open-location-code/garmin/PlusCodeDatafield/resources-fenix3/launcher_icon.png
19,/home/runner/work/open-location-code/open-location-code/tile_server/gridserver/go.mod
20,/home/runner/work/open-location-code/open-location-code/garmin/PlusCodeDatafield/resources-epix/launcher_icon.png
21,/home/runner/work/open-location-code/open-location-code/garmin/PlusCodeDatafield/resources-edge_520/launcher_icon.png
22,/home/runner/work/open-location-code/open-location-code/garmin/PlusCodeDatafield/resources-fr235/launcher_icon.png
23,/home/runner/work/open-location-code/open-location-code/docs/specification.md
24,/home/runner/work/open-location-code/open-location-code/garmin/PlusCodeDatafield/resources-fr630/launcher_icon.png
25,/home/runner/work/open-location-code/open-location-code/garmin/PlusCodeDatafield/resources-fr645/launcher_icon.png
26,/home/runner/work/open-location-code/open-location-code/garmin/PlusCodeDatafield/resources-edge_1000/launcher_icon.png
27,/home/runner/work/open-location-code/open-location-code/garmin/PlusCodeDatafield/resources-fr735xt/launcher_icon.png
28,/home/runner/work/open-location-code/open-location-code/garmin/PlusCodeDatafield/resources-fr920xt/launcher_icon.png
29,/home/runner/work/open-location-code/open-location-code/garmin/PlusCodeDatafield/resources-fr935/launcher_icon.png
30,/home/runner/work/open-location-code/open-location-code/garmin/PlusCodeDatafield/resources-oregon7xx/launcher_icon.png
31,/home/runner/work/open-location-code/open-location-code/garmin/PlusCodeDatafield/resources-rino7xx/launcher_icon.png
32,/home/runner/work/open-location-code/open-location-code/garmin/PlusCodeDatafield/resources-vivoactive/launcher_icon.png
33,/home/runner/work/open-location-code/open-location-code/garmin/PlusCodeDatafield/resources-vivoactive3/launcher_icon.png
34,/home/runner/work/open-location-code/open-location-code/garmin/PlusCodeDatafield/resources-vivoactive3m/launcher_icon.png
35,/home/runner/work/open-location-code/open-location-code/garmin/PlusCodeDatafield/resources-vivoactive_hr/launcher_icon.png
36,/home/runner/work/open-location-code/open-location-code/garmin/PlusCodeDatafield/resources-fr645m/launcher_icon.png
37,/home/runner/work/open-location-code/open-location-code/garmin/PlusCodeDatafield/resources-edge1030bontrager/launcher_icon.png
38,/home/runner/work/open-location-code/open-location-code/garmin/PlusCodeDatafield/resources-edge820/launcher_icon.png
39,/home/runner/work/open-location-code/open-location-code/garmin/PlusCodeDatafield/resources-edge520plus/launcher_icon.png
40,/home/runner/work/open-location-code/open-location-code/dart/checks.sh
41,/home/runner/work/open-location-code/open-location-code/tile_server/gridserver/projection.go
42,/home/runner/work/open-location-code/open-location-code/dart/lib/src/open_location_code.dart
43,/home/runner/work/open-location-code/open-location-code/dart/pubspec.yaml
44,/home/runner/work/open-location-code/open-location-code/tile_server/gridserver/image_test.go
45,/home/runner/work/open-location-code/open-location-code/dart/test/clip_latitude_test.dart
46,/home/runner/work/open-location-code/open-location-code/dart/test/compute_precision_test.dart
47,/home/runner/work/open-location-code/open-location-code/dart/test/decode_test.dart
48,/home/runner/work/open-location-code/open-location-code/dart/test/encode_test.dart
49,/home/runner/work/open-location-code/open-location-code/dart/test/short_code_test.dart
50,/home/runner/work/open-location-code/open-location-code/dart/test/utils.dart
51,/home/runner/work/open-location-code/open-location-code/dart/test/validity_test.dart
52,/home/runner/work/open-location-code/open-location-code/tile_server/gridserver/image.go
53,/home/runner/work/open-location-code/open-location-code/docs/images/geohash36_grid.png
54,/home/runner/work/open-location-code/open-location-code/docs/images/openpostcode_grid.png
55,/home/runner/work/open-location-code/open-location-code/docs/olc_definition.adoc
56,/home/runner/work/open-location-code/open-location-code/tile_server/gridserver/gridserver.go
57,/home/runner/work/open-location-code/open-location-code/tile_server/gridserver/go.sum
58,/home/runner/work/open-location-code/open-location-code/garmin/PlusCodeDatafield/README.md
59,/home/runner/work/open-location-code/open-location-code/garmin/PlusCodeDatafield/manifest.xml
60,/home/runner/work/open-location-code/open-location-code/garmin/PlusCodeDatafield/monkey.jungle
61,/home/runner/work/open-location-code/open-location-code/garmin/PlusCodeDatafield/resources-d2bravo/launcher_icon.png
62,/home/runner/work/open-location-code/open-location-code/garmin/PlusCodeDatafield/resources-d2bravo_titanium/launcher_icon.png
63,/home/runner/work/open-location-code/open-location-code/garmin/PlusCodeDatafield/resources-edge1030/launcher_icon.png
64,/home/runner/work/open-location-code/open-location-code/garmin/PlusCodeDatafield/resources/launcher_icon.png
65,/home/runner/work/open-location-code/open-location-code/garmin/PlusCodeDatafield/resources-edge130/launcher_icon.png
66,/home/runner/work/open-location-code/open-location-code/garmin/PlusCodeDatafield/resources-vivoactive_hr/resources-fenix3_hr/launcher_icon.png
67,/home/runner/work/open-location-code/open-location-code/garmin/PlusCodeDatafield/source/PlusCodeDatafield.mc
68,/home/runner/work/open-location-code/open-location-code/garmin/PlusCodeDatafield/resources/layouts.xml
69,/home/runner/work/open-location-code/open-location-code/test_data/csv_to_json.go
70,/home/runner/work/open-location-code/open-location-code/js/examples/example2.html
71,/home/runner/work/open-location-code/open-location-code/js/examples/example3.html
72,/home/runner/work/open-location-code/open-location-code/js/examples/examples.css
73,/home/runner/work/open-location-code/open-location-code/js/examples/examples.js
74,/home/runner/work/open-location-code/open-location-code/js/gulpfile.js
75,/home/runner/work/open-location-code/open-location-code/js/package.json
76,/home/runner/work/open-location-code/open-location-code/js/src/openlocationcode.js
77,/home/runner/work/open-location-code/open-location-code/js/src/openlocationcode.min.js
78,/home/runner/work/open-location-code/open-location-code/js/test/karma.config.js
79,/home/runner/work/open-location-code/open-location-code/package.json
80,/home/runner/work/open-location-code/open-location-code/plpgsql/tests_script_l.sql
81,/home/runner/work/open-location-code/open-location-code/js/contrib/olc_grid_overlay.js
82,/home/runner/work/open-location-code/open-location-code/python/.style.yapf
83,/home/runner/work/open-location-code/open-location-code/python/BUILD
84,/home/runner/work/open-location-code/open-location-code/python/README.md
85,/home/runner/work/open-location-code/open-location-code/python/format_check.sh
86,/home/runner/work/open-location-code/open-location-code/python/openlocationcode_test.py
87,/home/runner/work/open-location-code/open-location-code/python/setup.py
88,/home/runner/work/open-location-code/open-location-code/rust/tests/csv_reader.rs
89,/home/runner/work/open-location-code/open-location-code/ruby/lib/plus_codes/open_location_code.rb
90,/home/runner/work/open-location-code/open-location-code/ruby/open-location-code.gemspec
91,/home/runner/work/open-location-code/open-location-code/ruby/rubocop.yml
92,/home/runner/work/open-location-code/open-location-code/rust/src/private.rs
93,/home/runner/work/open-location-code/open-location-code/rust/src/lib.rs
94,/home/runner/work/open-location-code/open-location-code/rust/README.md
95,/home/runner/work/open-location-code/open-location-code/js/contrib/olc_grid_overlay.min.js
96,/home/runner/work/open-location-code/open-location-code/garmin/PlusCodeDatafield/resources/strings.xml
97,/home/runner/work/open-location-code/open-location-code/java/README.md
98,/home/runner/work/open-location-code/open-location-code/tile_server/gridserver/geojson_test.go
99,/home/runner/work/open-location-code/open-location-code/tile_server/gridserver/projection_test.go
100,/home/runner/work/open-location-code/open-location-code/garmin/PlusCodeDatafield/source/PlusCodeView.mc
101,/home/runner/work/open-location-code/open-location-code/go/README.md
102,/home/runner/work/open-location-code/open-location-code/go/corpus/gen.go
103,/home/runner/work/open-location-code/open-location-code/go/decode.go
104,/home/runner/work/open-location-code/open-location-code/go/encode.go
105,/home/runner/work/open-location-code/open-location-code/go/go.mod
106,/home/runner/work/open-location-code/open-location-code/go/olc.go
107,/home/runner/work/open-location-code/open-location-code/go/olc_gofuzz.go
108,/home/runner/work/open-location-code/open-location-code/go/olc_test.go
109,/home/runner/work/open-location-code/open-location-code/go/shorten.go
110,/home/runner/work/open-location-code/open-location-code/java/BUILD
111,/home/runner/work/open-location-code/open-location-code/java/pom.xml
112,/home/runner/work/open-location-code/open-location-code/js/closure/openlocationcode_test.js
113,/home/runner/work/open-location-code/open-location-code/java/src/test/java/com/google/openlocationcode/BenchmarkTest.java
114,/home/runner/work/open-location-code/open-location-code/java/src/test/java/com/google/openlocationcode/DecodingTest.java
115,/home/runner/work/open-location-code/open-location-code/java/src/test/java/com/google/openlocationcode/EncodingTest.java
116,/home/runner/work/open-location-code/open-location-code/java/src/test/java/com/google/openlocationcode/PrecisionTest.java
117,/home/runner/work/open-location-code/open-location-code/java/src/test/java/com/google/openlocationcode/RecoverTest.java
118,/home/runner/work/open-location-code/open-location-code/java/src/test/java/com/google/openlocationcode/ShorteningTest.java
119,/home/runner/work/open-location-code/open-location-code/java/src/test/java/com/google/openlocationcode/TestUtils.java
120,/home/runner/work/open-location-code/open-location-code/java/src/test/java/com/google/openlocationcode/UtilsTest.java
121,/home/runner/work/open-location-code/open-location-code/java/src/test/java/com/google/openlocationcode/ValidityTest.java
122,/home/runner/work/open-location-code/open-location-code/tile_server/example.html
123,/home/runner/work/open-location-code/open-location-code/js/README.md
124,/home/runner/work/open-location-code/open-location-code/js/checks.sh
125,/home/runner/work/open-location-code/open-location-code/js/closure/README.md
126,/home/runner/work/open-location-code/open-location-code/dart/README.md
127,/home/runner/work/open-location-code/open-location-code/android_demo/android/src/main/java/com/openlocationcode/android/current/LocationProvider.java
128,/home/runner/work/open-location-code/open-location-code/README.md
129,/home/runner/work/open-location-code/open-location-code/TESTING.md
130,/home/runner/work/open-location-code/open-location-code/android_demo/README.md
131,/home/runner/work/open-location-code/open-location-code/android_demo/android/proguard-rules.pro
132,/home/runner/work/open-location-code/open-location-code/android_demo/android/src/main/java/com/openlocationcode/android/code/CodeContract.java
133,/home/runner/work/open-location-code/open-location-code/android_demo/android/src/main/java/com/openlocationcode/android/code/CodePresenter.java
134,/home/runner/work/open-location-code/open-location-code/android_demo/android/src/main/java/com/openlocationcode/android/code/CodeView.java
135,/home/runner/work/open-location-code/open-location-code/android_demo/android/src/main/java/com/openlocationcode/android/code/OpenLocationCodeUtil.java
136,/home/runner/work/open-location-code/open-location-code/visualbasic/README.md
137,/home/runner/work/open-location-code/open-location-code/android_demo/android/src/main/java/com/openlocationcode/android/current/LocationProviderFactoryComponent.java
138,/home/runner/work/open-location-code/open-location-code/FAQ.txt
139,/home/runner/work/open-location-code/open-location-code/android_demo/android/src/main/java/com/openlocationcode/android/current/LocationUtil.java
140,/home/runner/work/open-location-code/open-location-code/visualbasic/OpenLocationCode.bas
141,/home/runner/work/open-location-code/open-location-code/android_demo/android/src/main/java/com/openlocationcode/android/direction/DirectionContract.java
142,/home/runner/work/open-location-code/open-location-code/android_demo/android/src/main/java/com/openlocationcode/android/direction/DirectionPresenter.java
143,/home/runner/work/open-location-code/open-location-code/android_demo/android/src/main/java/com/openlocationcode/android/direction/DirectionUtil.java
144,/home/runner/work/open-location-code/open-location-code/android_demo/android/src/main/java/com/openlocationcode/android/direction/DirectionView.java
145,/home/runner/work/open-location-code/open-location-code/tile_server/main.go
146,/home/runner/work/open-location-code/open-location-code/android_demo/android/src/main/java/com/openlocationcode/android/main/MainFragment.java
147,/home/runner/work/open-location-code/open-location-code/android_demo/android/src/main/java/com/openlocationcode/android/main/WelcomeActivity.java
148,/home/runner/work/open-location-code/open-location-code/android_demo/android/src/main/java/com/openlocationcode/android/map/MapPresenter.java
149,/home/runner/work/open-location-code/open-location-code/android_demo/android/src/main/java/com/openlocationcode/android/map/MyMapView.java
150,/home/runner/work/open-location-code/open-location-code/LICENSE
151,/home/runner/work/open-location-code/open-location-code/CONTRIBUTING.md
152,/home/runner/work/open-location-code/open-location-code/android_demo/android/src/main/java/com/openlocationcode/android/search/SearchContract.java
153,/home/runner/work/open-location-code/open-location-code/CHANGELOG.md
154,/home/runner/work/open-location-code/open-location-code/.github/workflows/main.yml
155,/home/runner/work/open-location-code/open-location-code/.gitignore
156,/home/runner/work/open-location-code/open-location-code/API.txt
157,/home/runner/work/open-location-code/open-location-code/tile_server/gridserver/tileref.go
158,/home/runner/work/open-location-code/open-location-code/android_demo/android/src/main/java/com/openlocationcode/android/main/MainPresenter.java
159,/home/runner/work/open-location-code/open-location-code/android_demo/android/src/main/java/com/openlocationcode/android/search/SearchPresenter.java
160,/home/runner/work/open-location-code/open-location-code/c/example.c
161,/home/runner/work/open-location-code/open-location-code/android_demo/gradlew
162,/home/runner/work/open-location-code/open-location-code/android_demo/android/src/main/java/com/openlocationcode/android/search/SearchView.java
163,/home/runner/work/open-location-code/open-location-code/android_demo/openlocationcode_android.iml
164,/home/runner/work/open-location-code/open-location-code/android_demo/settings.gradle
165,/home/runner/work/open-location-code/open-location-code/tile_server/gridserver/testdata/21_1098232_1362659_geodetic.png
166,/home/runner/work/open-location-code/open-location-code/c/.gitignore
167,/home/runner/work/open-location-code/open-location-code/c/BUILD
168,/home/runner/work/open-location-code/open-location-code/c/README.md
169,/home/runner/work/open-location-code/open-location-code/c/benchmark/Makefile
170,/home/runner/work/open-location-code/open-location-code/c/benchmark/bm-c.c
171,/home/runner/work/open-location-code/open-location-code/c/benchmark/bm-cpp.cc
172,/home/runner/work/open-location-code/open-location-code/c/benchmark/shared.c
173,/home/runner/work/open-location-code/open-location-code/c/clang_check.sh
174,/home/runner/work/open-location-code/open-location-code/c/openlocationcode_test.cc
175,/home/runner/work/open-location-code/open-location-code/android_demo/build.gradle
176,/home/runner/work/open-location-code/open-location-code/tile_server/gridserver/testdata/21_1098232_1362659_geodetic.json
177,/home/runner/work/open-location-code/open-location-code/c/src/olc.h
178,/home/runner/work/open-location-code/open-location-code/c/src/olc_private.h
179,/home/runner/work/open-location-code/open-location-code/tile_server/gridserver/testdata/21_1098232_1362659.png
180,/home/runner/work/open-location-code/open-location-code/cpp/.gitignore
181,/home/runner/work/open-location-code/open-location-code/cpp/README.md
182,/home/runner/work/open-location-code/open-location-code/rust/src/consts.rs
183,/home/runner/work/open-location-code/open-location-code/android_demo/gradle/wrapper/gradle-wrapper.properties
184,/home/runner/work/open-location-code/open-location-code/android_demo/gradlew.bat
185,/home/runner/work/open-location-code/open-location-code/tile_server/gridserver/testdata/5_17_19_geodetic.json
186,/home/runner/work/open-location-code/open-location-code/android_demo/android/src/main/res/drawable-xxhdpi/map_center.png
187,/home/runner/work/open-location-code/open-location-code/android_demo/android/src/main/res/values/styles.xml
188,/home/runner/work/open-location-code/open-location-code/android_demo/android/src/main/res/drawable/search_button.xml
189,/home/runner/work/open-location-code/open-location-code/android_demo/android/src/main/res/drawable/rounded_layout.xml
190,/home/runner/work/open-location-code/open-location-code/android_demo/android/src/main/res/drawable-xxxhdpi/map_center.png
191,/home/runner/work/open-location-code/open-location-code/android_demo/android/src/main/res/drawable-xxxhdpi/ic_launcher.png
192,/home/runner/work/open-location-code/open-location-code/tile_server/gridserver/testdata/5_17_19_white_zoom_2.png
193,/home/runner/work/open-location-code/open-location-code/android_demo/android/src/main/res/drawable-xxhdpi/ic_launcher.png
194,/home/runner/work/open-location-code/open-location-code/android_demo/android/src/main/res/layout/main_act.xml
195,/home/runner/work/open-location-code/open-location-code/android_demo/android/src/main/res/drawable-xhdpi/map_center.png
196,/home/runner/work/open-location-code/open-location-code/android_demo/android/src/main/res/drawable-xhdpi/ic_launcher.png
197,/home/runner/work/open-location-code/open-location-code/android_demo/android/src/main/res/drawable-mdpi/map_center.png
198,/home/runner/work/open-location-code/open-location-code/android_demo/android/src/main/res/drawable-mdpi/ic_launcher.png
199,/home/runner/work/open-location-code/open-location-code/android_demo/android/src/main/res/drawable-hdpi/map_center.png
200,/home/runner/work/open-location-code/open-location-code/android_demo/android/src/main/res/drawable-hdpi/ic_launcher.png
201,/home/runner/work/open-location-code/open-location-code/android_demo/android/src/main/res/layout/direction.xml
202,/home/runner/work/open-location-code/open-location-code/rust/src/interface.rs
203,/home/runner/work/open-location-code/open-location-code/android_demo/android/src/main/res/layout/main_frag.xml
204,/home/runner/work/open-location-code/open-location-code/android_demo/android/src/main/res/layout/search.xml
205,/home/runner/work/open-location-code/open-location-code/android_demo/android/src/main/res/values/strings.xml
206,/home/runner/work/open-location-code/open-location-code/android_demo/android/src/main/res/values/dimens.xml
207,/home/runner/work/open-location-code/open-location-code/tile_server/gridserver/testdata/5_17_19.json
208,/home/runner/work/open-location-code/open-location-code/tile_server/gridserver/testdata/5_17_19.png
209,/home/runner/work/open-location-code/open-location-code/android_demo/android/src/main/res/layout/welcome.xml
210,/home/runner/work/open-location-code/open-location-code/android_demo/android/src/main/res/layout/my_map.xml
211,/home/runner/work/open-location-code/open-location-code/tile_server/gridserver/testdata/21_1098232_1362659.json
212,/home/runner/work/open-location-code/open-location-code/tile_server/gridserver/geojson.go
213,/home/runner/work/open-location-code/open-location-code/starting_testcpp_checkformatting_25
214,/home/runner/work/open-location-code/open-location-code/swift/README.md
215,/home/runner/work/open-location-code/open-location-code/typescript/README.md
216,/home/runner/work/open-location-code/open-location-code/rust/tests/all_test.rs
217,/home/runner/work/open-location-code/open-location-code/bazel-bin
218,/home/runner/work/open-location-code/open-location-code/bazel-testlogs
219,/home/runner/work/open-location-code/open-location-code/bazel-out
220,/home/runner/work/open-location-code/open-location-code/starting_testcpp_test_23
221,/home/runner/work/open-location-code/open-location-code/bazel-open-location-code
222,/home/runner/work/open-location-code/open-location-code/tile_server/README.md
223,/home/runner/work/open-location-code/open-location-code/starting_testcpp_uses22_22
224,/home/runner/work/open-location-code/open-location-code/rust/src/codearea.rs
225,/home/runner/work/open-location-code/open-location-code/android_demo/android/src/main/java/com/openlocationcode/android/direction/Direction.java
226,/home/runner/work/open-location-code/open-location-code/c/.clang-format
227,/home/runner/work/open-location-code/open-location-code/android_demo/android/src/main/res/values/colors.xml
228,/home/runner/work/open-location-code/open-location-code/android_demo/android/src/main/res/values-pt/strings.xml
229,/home/runner/work/open-location-code/open-location-code/android_demo/android/src/main/res/layout/code.xml
230,/home/runner/work/open-location-code/open-location-code/android_demo/android/src/main/res/drawable-xxxhdpi/ic_action_maps_navigation.png
231,/home/runner/work/open-location-code/open-location-code/android_demo/android/src/main/res/drawable-xxhdpi/ic_action_maps_navigation.png
232,/home/runner/work/open-location-code/open-location-code/android_demo/android/src/main/java/com/openlocationcode/android/search/AutoCompleteEditor.java
233,/home/runner/work/open-location-code/open-location-code/android_demo/android/src/main/java/com/openlocationcode/android/main/MainActivity.java
234,/home/runner/work/open-location-code/open-location-code/android_demo/android/src/main/java/com/openlocationcode/android/localities/Locality.java
235,/home/runner/work/open-location-code/open-location-code/android_demo/android/src/main/java/com/openlocationcode/android/current/GoogleApiModule.java
236,/home/runner/work/open-location-code/open-location-code/rust/Cargo.toml
237,/home/runner/work/open-location-code/open-location-code/android_demo/android/src/main/AndroidManifest.xml
238,/home/runner/work/open-location-code/open-location-code/android_demo/android/libs/README.md
239,/home/runner/work/open-location-code/open-location-code/android_demo/android/build.gradle
240,/home/runner/work/open-location-code/open-location-code/android_demo/.gitignore
241,/home/runner/work/open-location-code/open-location-code/c/src/olc.c
242,/home/runner/work/open-location-code/open-location-code/common-lisp/README.md
243,/home/runner/work/open-location-code/open-location-code/csharp/README.md
244,/home/runner/work/open-location-code/open-location-code/ruby/test/plus_codes_test.rb
245,/home/runner/work/open-location-code/open-location-code/ruby/lib/plus_codes/code_area.rb
246,/home/runner/work/open-location-code/open-location-code/ruby/lib/plus_codes.rb
247,/home/runner/work/open-location-code/open-location-code/ruby/README.md
248,/home/runner/work/open-location-code/open-location-code/plpgsql/README.md
249,/home/runner/work/open-location-code/open-location-code/objective-c/README.md
250,/home/runner/work/open-location-code/open-location-code/js/test/jasmine-tests.js
251,/home/runner/work/open-location-code/open-location-code/js/examples/example1.html
252,/home/runner/work/open-location-code/open-location-code/js/contrib/README.md
253,/home/runner/work/open-location-code/open-location-code/js/closure/BUILD
254,/home/runner/work/open-location-code/open-location-code/js/.eslintrc.js
255,/home/runner/work/open-location-code/open-location-code/go/go.sum
256,/home/runner/work/open-location-code/open-location-code/garmin/PlusCodeDatafield/source/PlusCodeBackground.mc
257,/home/runner/work/open-location-code/open-location-code/garmin/PlusCodeDatafield/resources-fenix3/drawables.xml
258,/home/runner/work/open-location-code/open-location-code/garmin/PlusCodeDatafield/.project
259,/home/runner/work/open-location-code/open-location-code/emacs/README.md
260,/home/runner/work/open-location-code/open-location-code/docs/comparison.adoc
261,/home/runner/work/open-location-code/open-location-code/dart/test/benchmark_test.dart
262,/home/runner/work/open-location-code/open-location-code/dart/lib/open_location_code.dart
263,/home/runner/work/open-location-code/open-location-code/starting_finished_finished_8979874
